Topological_Phases -0.0031864441184835585 0.6230608490024223 0.04738889131991371
Slab_waveguide 0.018236960302847497 0.4261720850450286 0.5450368260272468
Q-switch -0.0925613056770847 0.6292632460375212 0.012281829155694464
Thermal_radiation -0.08214649376711164 0.43322118065727855 0.7085036069059935
Structured_light 0.1278732977445177 0.15389705582117738 0.03062404135634391
Topolocical_edge_states -0.01890938378943481 0.6466570832154768 -0.005179973344568284
Optical_vortices 0.10340111853243084 0.36177868536314367 0.183175346121465
Photonic_crystals -0.006461940890883276 0.5315480248559407 -0.0720539941470848
Metasurfaces -0.10689793200045962 0.6863351351096475 0.6699299592584205
Colors_single_emitters 0.016283156468358744 0.8067925341489396 0.5296065077837484
Surface_plasmon -0.03041088330177485 0.326128536467947 0.5119987113284025
Moire 0.01570694242974819 0.8316742853804209 0.5045064836812836
Photonic_circuit -0.1057131868273556 0.6088727221235215 -0.0056255887899471285
Susceptibility 0.1580981254184716 0.8743519092693961 0.41408939027421937
Blood_flow 0.025449926852119574 0.5356235500512715 0.3262588897657846
Cassegrain 0.00785231212909657 0.5312109460256469 0.6489569791798966
Fiber_laser -0.0422411206781563 0.3874422329631435 -0.19217413290108257
Short_laser_pulse -0.06715035426604682 0.7757302171326808 0.5839006527830728
Random_matrices -0.03617886283369995 0.7297628731095062 0.44408480522202953
Electron_photon -0.08012073960623643 0.7985256491346355 0.4667877177141065
Complex_wave -0.11285750037572226 0.6059019215895194 0.3598804347468096
Toplologocal_phases -0.05800546488686051 0.6221777451987507 -0.17798419930613876
Cantilever -0.05653042209616058 0.7020319568388241 0.7609352838535263
Locked_laser -0.16226073416236114 0.74069019339618 0.27995767863447885
Speckle -0.030952386394701437 0.8223065773306335 0.13100501960407981
Third-harmonic -0.04075529099105189 0.47600762212286923 0.11751871986299035
Photonic_spin_hall 0.17546247577354837 0.48318677238610813 0.05766678743076164
Non-linear 0.2363323037466768 0.49560335488688945 0.4325767490384634
Two_particle 0.6910939761718801 0.1043449902453318 0.4992093837872377
Charm-strange 0.9898309101087308 -0.12235808578657101 0.4679453928127359
Isospin 0.9610768358622533 -0.062893699029818 0.5424503432588161
Higgs 0.9372992262476697 0.06861942566907461 0.532346805221746
e+e- 0.975157117640233 -0.05574344629749845 0.5825008229180509
DUST 0.5543209792076972 0.3222534573853407 0.9344226651880327
Low_mass 0.08124075452115521 0.6226639722224281 0.25117705643678545
Convection -0.02330418403289631 0.5090407435673074 0.7674776391820227
Millisecond_pulsar 0.5558016398595533 0.6241660118792831 0.9024589207380653
Galactic 0.7782734383695269 0.06689624541616904 0.6897412314362251
Milky_Way 0.7737540527991594 0.10138400908005478 0.8866931445508498
Cosmic_ray 0.36586380795289614 0.4282649337104233 0.9233675573569005
